101
123 root root@root 3 0 0 0 0 0 0 0 0 0 0 0 0 0 0 0 0 0 0 0 0 0 0.000000 0 0 0 0 0 0 0 0 0 0 0 0 0 0 0 0 0 0 0 0 0 0 0 0 0 0 0 0 0 0 0 0 0 0 0 0 0 0 0 0 0
30 zalpiuqn gtpzq@example.com 1 1001 1002 1003 1004 1005 1006 1007 1008 1009 1010 99 96 74 89 78 93 100 78 97 87 89 2.900000 1 0 0 0 0 0 0 0 1 0 0 9 10 1 2 1 8 4 3 4 9 9 5 9 3 8 2 6 7 0 5 4 4 7 0 5 1 5 0 3 6
88 lwmpbxeo uhfpq@example.com 4 1001 1002 1003 1004 1005 1006 1007 1008 1009 1010 86 78 83 97 92 89 87 90 93 86 88 2.800000 0 1 1 0 0 0 1 0 0 1 1 9 6 1 10 3 2 8 10 2 7 10 4 0 3 10 9 8 6 8 4 7 6 2 5 8 10 1 6 5 10
47 vzubdvhf fqywi@example.com 2 1001 1002 1003 1004 1005 1006 1007 1008 1009 1010 93 86 88 95 91 60 95 97 96 83 88 2.800000 0 1 1 0 1 0 1 1 1 0 1 3 3 2 7 1 3 1 0 5 4 2 0 1 8 1 9 2 3 7 3 3 0 6 2 8 10 2 3 4 10
95 kwfsewwi xxvjh@example.com 2 1001 1002 1003 1004 1005 1006 1007 1008 1009 1010 100 63 92 75 84 97 95 95 90 87 87 2.700000 0 0 0 1 1 1 1 1 0 0 0 3 0 1 0 2 3 5 1 7 8 8 1 2 6 6 7 10 3 6 8 1 0 0 10 1 9 3 6 8 5
11 pumkyzyk sshsq@example.com 3 1001 1002 1003 1004 1005 1006 1007 1008 1009 1010 79 97 72 92 64 100 93 99 93 88 87 2.700000 0 1 1 1 0 1 1 1 0 0 0 5 5 1 5 7 2 5 10 8 0 7 8 1 6 10 3 1 3 2 10 4 2 6 4 9 6 0 6 2 1
63 jegvkntr lipiu@example.com 1 1001 1002 1003 1004 1005 1006 1007 1008 1009 1010 63 80 89 96 89 94 85 83 89 97 86 2.600000 1 0 1 0 1 1 0 1 0 0 1 4 10 2 10 4 6 2 1 2 0 3 5 3 8 10 5 5 2 6 2 10 7 4 4 0 9 7 7 4 0
52 usxvtbsu lhina@example.com 1 1001 1002 1003 1004 1005 1006 1007 1008 1009 1010 90 62 85 64 97 98 83 94 93 96 86 2.600000 0 0 1 0 0 0 1 0 0 0 0 3 7 2 4 2 5 3 1 2 0 6 0 7 10 1 1 1 2 2 3 7 6 5 1 1 4 2 5 9 7
15 pwuukvxl wolbr@example.com 2 1001 1002 1003 1004 1005 1006 1007 1008 1009 1010 96 82 69 90 92 88 71 98 85 84 85 2.500000 0 0 0 1 0 0 0 0 0 0 1 0 5 4 7 5 10 8 0 10 8 5 0 2 5 4 5 3 1 6 7 10 7 2 6 8 8 1 4 1 8
9 npylwond nqfgr@example.com 3 1001 1002 1003 1004 1005 1006 1007 1008 1009 1010 96 99 74 99 90 69 82 63 88 94 85 2.500000 0 0 0 0 0 0 0 1 0 0 0 5 7 6 4 3 4 6 9 0 7 5 4 9 1 10 8 3 10 1 2 9 1 4 8 4 2 2 2 9 9
93 umabrbet ybwhs@example.com 3 1001 1002 1003 1004 1005 1006 1007 1008 1009 1010 72 80 85 84 97 82 83 88 78 100 84 2.400000 0 1 1 1 0 1 1 0 0 1 0 10 0 7 0 4 5 7 1 8 7 4 2 8 1 6 10 3 9 6 8 4 7 2 9 4 1 7 5 5 4
90 zoyajsze ipdtg@example.com 3 1001 1002 1003 1004 1005 1006 1007 1008 1009 1010 80 81 88 100 78 80 91 94 67 82 84 2.400000 0 0 0 1 1 0 0 0 0 1 0 1 0 0 4 5 2 5 10 10 0 10 1 9 8 6 7 3 1 9 10 2 7 9 6 4 1 4 6 6 5
83 ixajmfig nqpzx@example.com 1 1001 1002 1003 1004 1005 1006 1007 1008 1009 1010 80 91 88 87 78 60 93 100 90 81 84 2.400000 1 1 0 1 1 1 1 1 1 0 0 0 8 7 6 4 3 1 6 1 7 9 6 8 2 4 9 1 8 0 8 3 5 7 0 9 5 4 10 10 0
56 eohykyvu imzae@example.com 3 1001 1002 1003 1004 1005 1006 1007 1008 1009 1010 84 97 85 94 72 69 99 68 84 92 84 2.400000 0 1 1 0 1 0 1 1 1 0 0 3 3 4 2 6 9 2 0 1 2 8 5 3 3 9 6 4 6 1 3 10 4 6 0 7 7 3 2 4 8
51 aussokmw xecms@example.com 1 1001 1002 1003 1004 1005 1006 1007 1008 1009 1010 84 88 100 63 97 61 89 89 80 90 84 2.400000 0 0 0 1 1 0 0 0 0 1 0 9 3 0 2 2 8 3 10 7 7 8 10 10 1 1 0 0 4 9 2 3 0 1 9 4 0 10 6 1 5
36 cjaaxahw frtos@example.com 1 1001 1002 1003 1004 1005 1006 1007 1008 1009 1010 64 91 61 99 96 89 68 90 84 100 84 2.400000 0 1 1 0 0 0 0 0 0 1 0 7 1 1 2 4 10 0 6 7 6 3 6 10 9 10 8 5 2 0 3 7 8 6 5 6 3 2 2 2 10
23 ruizgueb eelmt@example.com 1 1001 1002 1003 1004 1005 1006 1007 1008 1009 1010 86 98 98 89 75 61 97 71 68 98 84 2.400000 0 1 1 1 1 0 0 1 0 0 1 9 4 10 7 6 3 3 7 9 1 1 1 0 8 3 0 5 0 8 9 5 0 7 7 4 1 0 10 2 2
6 vccaflox crwtp@example.com 2 1001 1002 1003 1004 1005 1006 1007 1008 1009 1010 91 71 90 99 78 83 100 62 72 94 84 2.400000 1 1 0 0 1 0 1 1 0 0 0 0 0 2 10 10 5 3 9 4 4 1 6 3 5 7 4 6 9 3 8 5 10 6 1 1 9 2 5 5 9
94 ejdsguup sezye@example.com 1 1001 1002 1003 1004 1005 1006 1007 1008 1009 1010 84 66 79 95 96 77 90 73 73 100 83 2.300000 0 1 1 0 0 0 0 1 0 1 0 7 1 10 10 3 10 8 3 10 0 5 7 9 3 10 0 8 2 9 5 9 4 7 9 10 3 5 0 9 1
84 srxdpbkm pldbu@example.com 2 1001 1002 1003 1004 1005 1006 1007 1008 1009 1010 92 100 100 63 73 85 86 74 60 100 83 2.300000 0 0 1 1 0 0 0 1 0 0 0 6 0 4 2 10 5 3 4 10 7 9 4 3 7 0 2 9 9 5 5 8 9 10 1 8 4 2 10 2 1
43 ijxyhdrr dgdet@example.com 3 1001 1002 1003 1004 1005 1006 1007 1008 1009 1010 60 84 98 96 62 94 90 81 98 71 83 2.300000 0 0 1 0 1 0 0 0 1 1 1 8 5 0 7 1 8 1 9 0 8 0 2 7 2 6 5 3 9 7 7 2 1 7 6 6 10 10 7 8 10
37 vwszmpoe gzxub@example.com 3 1001 1002 1003 1004 1005 1006 1007 1008 1009 1010 95 94 77 99 68 76 75 98 83 73 83 2.300000 0 1 0 1 0 0 0 1 0 0 0 5 7 0 10 10 9 7 2 6 6 4 3 6 7 8 1 2 2 2 4 2 2 2 9 1 4 8 10 9 8
26 unmpbonw krslp@example.com 4 1001 1002 1003 1004 1005 1006 1007 1008 1009 1010 75 100 88 97 79 98 60 66 82 89 83 2.300000 1 0 1 0 0 0 1 0 1 0 1 5 0 10 2 9 1 4 7 7 10 0 3 6 1 3 8 4 8 7 0 4 6 3 1 10 0 8 8 2 7
12 gwqcvjvg umhey@example.com 2 1001 1002 1003 1004 1005 1006 1007 1008 1009 1010 78 95 89 70 70 98 98 77 84 75 83 2.300000 0 1 0 1 0 1 0 1 1 1 0 1 7 6 5 7 7 2 9 10 5 4 0 3 0 4 2 2 3 3 2 6 9 0 1 9 1 3 6 7 5
91 hpeornyr gufpw@example.com 4 1001 1002 1003 1004 1005 1006 1007 1008 1009 1010 77 93 71 99 70 69 93 74 99 80 82 2.200000 0 0 0 0 0 0 0 0 1 0 0 4 3 8 6 0 10 1 4 10 6 6 4 4 10 4 7 1 1 3 9 7 6 9 10 2 10 5 2 5 3
78 sugwujjm okdxq@example.com 1 1001 1002 1003 1004 1005 1006 1007 1008 1009 1010 91 76 94 81 74 95 80 76 81 75 82 2.200000 0 0 0 1 0 0 1 1 0 1 0 10 3 2 8 5 8 5 3 5 6 8 2 9 0 2 9 7 1 4 10 8 8 9 6 1 7 2 1 8 8
76 fqhmldwu kzemc@example.com 3 1001 1002 1003 1004 1005 1006 1007 1008 1009 1010 76 85 89 63 92 74 93 89 91 71 82 2.200000 1 1 1 0 0 1 0 1 1 1 0 1 4 7 6 5 2 3 3 3 5 0 6 8 6 9 1 3 7 3 2 5 3 7 5 3 0 9 8 10 0
33 gjccrjxd ilhut@example.com 3 1001 1002 1003 1004 1005 1006 1007 1008 1009 1010 94 99 63 92 93 68 67 100 62 91 82 2.200000 0 0 1 0 0 1 0 1 0 0 0 10 9 9 7 5 1 6 2 10 4 1 10 10 9 3 7 1 7 9 5 10 0 2 5 6 7 2 6 6 0
24 oplnzgtf oopti@example.com 2 1001 1002 1003 1004 1005 1006 1007 1008 1009 1010 78 64 65 93 100 89 95 80 75 83 82 2.200000 1 0 0 1 1 0 1 1 0 0 1 5 3 7 3 3 6 10 5 9 3 3 10 5 1 0 10 8 6 4 10 6 2 8 8 2 0 7 3 0 4
21 tzwaplsa bnmoh@example.com 1 1001 1002 1003 1004 1005 1006 1007 1008 1009 1010 99 91 90 88 66 63 94 73 64 100 82 2.200000 0 0 0 0 0 1 0 1 0 0 0 1 6 2 1 4 10 0 7 5 1 6 7 5 3 9 10 5 8 4 3 3 0 6 0 10 7 6 10 1 0
14 dischcuu xuwlc@example.com 2 1001 1002 1003 1004 1005 1006 1007 1008 1009 1010 82 83 61 86 80 89 81 95 85 82 82 2.200000 1 0 0 1 0 1 0 1 1 0 0 9 8 6 0 6 0 3 3 7 6 5 4 5 10 2 2 5 10 1 8 3 8 3 8 0 9 1 6 4 2
85 yuqpnblt pqshn@example.com 4 1001 1002 1003 1004 1005 1006 1007 1008 1009 1010 69 71 67 92 88 73 88 91 93 79 81 2.100000 1 0 0 0 0 1 0 1 1 0 1 9 5 5 1 5 10 1 0 2 3 0 10 9 3 7 10 7 10 10 8 1 9 0 8 3 2 10 9 3 8
79 dnsolkzh npdls@example.com 1 1001 1002 1003 1004 1005 1006 1007 1008 1009 1010 68 87 92 94 61 76 99 64 74 96 81 2.100000 1 1 1 1 1 1 0 1 1 1 1 9 10 5 3 9 0 3 10 9 0 7 2 6 6 4 4 1 7 8 4 0 10 6 7 5 2 10 1 10 8
75 zrkbqtsp gopmk@example.com 3 1001 1002 1003 1004 1005 1006 1007 1008 1009 1010 99 97 81 62 85 66 85 96 77 63 81 2.100000 1 0 0 0 0 1 0 0 0 0 1 9 5 4 4 7 6 9 10 0 7 4 6 1 5 8 4 1 8 10 9 8 1 2 7 8 5 4 4 7 9
73 gygscjyd zcylx@example.com 3 1001 1002 1003 1004 1005 1006 1007 1008 1009 1010 85 85 88 70 77 94 76 89 73 76 81 2.100000 0 0 0 1 1 1 1 0 1 0 1 2 3 4 1 9 10 5 8 10 8 1 5 10 9 4 6 3 6 1 4 2 4 7 1 8 5 7 10 1 9
72 shtcocjj hacla@example.com 2 1001 1002 1003 1004 1005 1006 1007 1008 1009 1010 91 67 93 60 96 80 93 72 88 79 81 2.100000 1 1 0 1 1 1 0 0 0 0 0 4 3 4 8 6 5 5 0 7 8 10 9 4 7 9 9 10 3 4 9 1 5 4 9 10 1 3 6 3 9
70 fgqprbdy nqwja@example.com 1 1001 1002 1003 1004 1005 1006 1007 1008 1009 1010 94 81 96 95 93 73 81 65 60 75 81 2.100000 0 1 1 0 0 0 1 0 0 0 1 0 2 3 1 3 6 8 10 0 1 9 2 0 3 2 3 8 7 3 2 2 7 2 4 3 3 2 7 1 10
67 guaymyvs senbb@example.com 2 1001 1002 1003 1004 1005 1006 1007 1008 1009 1010 85 78 86 63 88 96 68 82 74 91 81 2.100000 1 1 0 0 1 0 0 0 0 1 1 5 0 10 2 3 10 9 4 6 0 3 9 1 7 6 5 8 3 1 3 4 3 2 6 7 9 0 0 2 3
61 ykxvwgjw ugczt@example.com 4 1001 1002 1003 1004 1005 1006 1007 1008 1009 1010 78 95 66 98 69 83 80 91 79 72 81 2.100000 1 1 0 0 1 0 0 0 1 1 1 5 8 10 9 10 8 10 1 3 2 2 3 0 3 7 9 3 1 9 3 1 0 10 10 10 10 6 2 5 8
35 ptddwvru ktsxh@example.com 1 1001 1002 1003 1004 1005 1006 1007 1008 1009 1010 94 73 77 99 78 91 85 71 82 67 81 2.100000 0 1 0 0 0 0 1 0 1 1 1 10 0 0 7 3 2 5 7 10 10 6 0 0 0 3 4 7 1 9 0 1 8 1 10 7 4 1 10 2 0
28 dicqwlkt usiyf@example.com 3 1001 1002 1003 1004 1005 1006 1007 1008 1009 1010 90 84 60 64 75 88 93 86 87 90 81 2.100000 0 0 0 1 1 1 0 0 1 1 1 3 6 2 8 1 2 10 6 5 0 9 3 4 2 5 4 0 2 0 8 0 1 10 6 5 7 6 5 10 3
27 hpbierrb djxvy@example.com 3 1001 1002 1003 1004 1005 1006 1007 1008 1009 1010 76 86 71 86 93 99 80 87 73 67 81 2.100000 0 1 1 0 0 1 0 1 1 1 0 9 3 9 9 0 3 6 4 10 3 6 10 10 0 4 10 3 8 3 1 5 2 6 10 10 2 7 7 8 9
20 waoavlth slifa@example.com 3 1001 1002 1003 1004 1005 1006 1007 1008 1009 1010 87 64 88 94 93 86 71 86 84 65 81 2.100000 0 0 1 1 1 1 1 1 0 0 0 9 3 10 6 8 3 9 2 6 2 5 8 2 10 6 0 2 5 4 2 6 7 6 1 10 10 0 10 7 10
10 qdufmhhj lskbp@example.com 2 1001 1002 1003 1004 1005 1006 1007 1008 1009 1010 75 87 67 90 90 92 73 77 72 88 81 2.100000 0 0 0 0 0 1 0 1 0 0 1 2 8 0 10 1 7 6 1 2 2 8 3 7 4 4 0 1 10 5 3 4 9 1 0 2 4 7 5 1 7
8 ormbubcg twjck@example.com 3 1001 1002 1003 1004 1005 1006 1007 1008 1009 1010 100 86 75 97 74 90 67 60 100 61 81 2.100000 0 0 0 1 0 0 0 0 1 0 0 0 0 10 6 2 1 9 0 5 10 1 7 6 9 8 4 3 7 4 3 4 9 5 5 4 5 3 1 4 8
7 xgbyznps vbanq@example.com 3 1001 1002 1003 1004 1005 1006 1007 1008 1009 1010 91 72 70 86 91 79 80 70 83 94 81 2.100000 1 1 0 1 1 1 1 1 1 1 0 8 2 3 8 1 0 0 2 10 10 10 7 0 5 7 0 8 6 7 4 6 9 5 4 8 5 9 2 4 5
3 rryxmuee tvhzv@example.com 3 1001 1002 1003 1004 1005 1006 1007 1008 1009 1010 63 74 78 65 87 99 99 74 99 74 81 2.100000 1 0 0 0 1 1 0 0 1 0 1 10 9 2 9 9 1 8 2 4 7 0 10 0 5 7 1 1 4 6 5 5 1 5 8 1 5 5 4 7 9
98 pigusgep lkewy@example.com 2 1001 1002 1003 1004 1005 1006 1007 1008 1009 1010 74 65 86 69 84 79 77 97 90 88 80 2.000000 1 0 0 1 1 0 0 0 1 1 1 5 0 8 6 9 1 2 8 0 8 0 8 5 4 4 6 1 0 7 0 2 2 1 0 4 8 3 1 9 2
97 trsrctml dteau@example.com 3 1001 1002 1003 1004 1005 1006 1007 1008 1009 1010 93 61 60 88 87 78 91 73 100 73 80 2.000000 1 1 0 1 0 0 0 1 1 0 1 3 5 3 8 7 6 5 7 6 10 6 0 6 7 6 8 8 5 8 3 7 3 10 0 8 3 5 5 7 4
89 knmklqvj iqvhd@example.com 1 1001 1002 1003 1004 1005 1006 1007 1008 1009 1010 60 89 90 66 89 80 76 85 76 92 80 2.000000 0 1 1 0 1 1 1 0 1 0 1 6 2 5 7 9 4 8 2 1 2 10 6 10 3 10 2 4 7 2 7 5 8 4 5 0 5 9 1 5 10
81 xymelcsf kajjh@example.com 1 1001 1002 1003 1004 1005 1006 1007 1008 1009 1010 70 77 67 91 62 95 65 91 87 95 80 2.000000 1 0 1 0 0 1 1 1 0 1 1 1 5 3 3 7 8 9 6 3 7 5 9 10 9 5 7 9 0 3 7 10 0 0 7 9 7 10 10 1 1
74 lxilehxh ibebi@example.com 1 1001 1002 1003 1004 1005 1006 1007 1008 1009 1010 81 100 84 72 82 84 60 92 67 86 80 2.000000 1 0 1 1 0 1 0 0 0 1 1 4 2 2 4 7 0 2 9 2 0 5 3 0 4 5 5 1 5 0 3 8 7 7 4 10 7 0 10 2 8
58 srmcyseh yoalm@example.com 3 1001 1002 1003 1004 1005 1006 1007 1008 1009 1010 77 95 61 76 83 97 67 88 89 70 80 2.000000 1 1 0 1 0 0 0 1 0 1 0 7 4 9 4 3 10 7 2 8 10 2 9 0 9 10 3 6 7 2 3 0 7 7 5 6 4 8 5 2 9
54 wygnglpv zchdy@example.com 3 1001 1002 1003 1004 1005 1006 1007 1008 1009 1010 63 93 77 72 93 72 79 67 98 93 80 2.000000 1 1 1 0 1 1 1 0 0 1 1 10 2 2 5 6 6 7 0 9 9 9 3 10 4 1 4 10 6 3 1 10 9 4 1 7 5 2 1 9 1
46 vxzpniro eevxm@example.com 1 1001 1002 1003 1004 1005 1006 1007 1008 1009 1010 86 80 98 73 65 80 98 63 87 79 80 2.000000 0 1 1 1 0 0 1 1 0 1 0 7 5 5 6 9 2 5 2 9 3 3 6 3 9 8 9 6 5 5 4 4 7 4 3 9 1 3 9 0 7
39 fkoprigw rpaef@example.com 2 1001 1002 1003 1004 1005 1006 1007 1008 1009 1010 74 86 83 99 61 88 71 72 92 76 80 2.000000 0 0 0 0 1 0 1 1 1 0 1 1 9 6 7 0 10 5 8 7 2 7 2 7 8 9 0 4 8 4 3 9 0 3 1 8 9 3 2 0 4
32 mzyhguns rgmzk@example.com 3 1001 1002 1003 1004 1005 1006 1007 1008 1009 1010 85 79 92 65 83 98 76 87 81 62 80 2.000000 0 0 0 1 1 1 0 1 0 0 1 10 8 3 3 8 0 7 7 10 3 8 2 1 1 1 4 8 0 9 9 6 5 1 2 9 8 10 3 8 10
19 fwowfqtd ruagb@example.com 2 1001 1002 1003 1004 1005 1006 1007 1008 1009 1010 66 94 66 80 99 60 85 73 88 98 80 2.000000 1 1 1 0 1 0 0 0 1 1 1 8 0 4 2 3 0 8 9 9 9 6 7 4 1 7 9 10 5 4 1 6 8 9 10 9 1 1 1 8 0
16 gpsgxezm yxbpj@example.com 3 1001 1002 1003 1004 1005 1006 1007 1008 1009 1010 60 90 96 80 87 64 60 95 93 78 80 2.000000 1 1 0 0 1 0 0 0 0 0 0 0 2 2 4 6 0 6 3 3 10 4 1 3 5 10 7 7 4 10 3 6 4 1 4 9 1 7 7 4 10
5 adumlszz gvqpm@example.com 2 1001 1002 1003 1004 1005 1006 1007 1008 1009 1010 98 80 95 75 81 64 82 71 63 99 80 2.000000 0 0 0 1 1 1 0 0 0 0 0 10 2 1 8 8 9 8 0 0 7 10 0 10 5 9 7 5 4 2 0 7 9 3 1 4 3 8 10 10 8
86 ucebikme ayhms@example.com 4 1001 1002 1003 1004 1005 1006 1007 1008 1009 1010 84 75 72 74 79 96 66 87 71 93 79 1.900000 1 1 1 0 0 1 0 0 1 1 1 4 10 1 6 3 9 4 10 3 8 4 0 9 0 7 2 6 7 2 6 1 4 7 1 8 7 7 2 7 5
69 mgvlbfui dwffu@example.com 3 1001 1002 1003 1004 1005 1006 1007 1008 1009 1010 62 69 84 67 99 85 88 75 90 73 79 1.900000 1 0 1 1 0 0 0 0 0 1 1 7 4 6 5 4 4 2 2 7 1 1 7 2 4 1 3 6 3 0 3 6 6 2 6 2 2 2 9 5 0
45 wrgkaujn dgscq@example.com 3 1001 1002 1003 1004 1005 1006 1007 1008 1009 1010 100 71 81 67 61 67 83 74 92 99 79 1.900000 1 0 0 0 0 0 1 1 0 1 1 7 7 1 10 6 2 10 8 1 4 5 2 7 0 0 4 7 1 4 10 2 5 3 3 0 4 1 8 5 8
44 dfwyocst enmie@example.com 2 1001 1002 1003 1004 1005 1006 1007 1008 1009 1010 85 83 80 98 76 64 81 83 76 67 79 1.900000 1 1 1 0 0 0 0 0 1 0 1 5 2 5 7 9 7 6 0 6 2 7 7 6 2 3 4 8 10 10 2 1 6 8 10 1 10 2 10 2 9
38 ubftnwxt gzdbl@example.com 3 1001 1002 1003 1004 1005 1006 1007 1008 1009 1010 90 62 96 78 72 74 86 73 68 100 79 1.900000 1 0 1 0 0 1 1 0 0 0 1 7 5 6 2 1 5 2 10 10 7 6 7 6 7 4 2 10 3 9 3 4 2 1 2 3 10 5 7 8 6
4 ogjyphto ktjqd@example.com 3 1001 1002 1003 1004 1005 1006 1007 1008 1009 1010 63 92 75 92 83 99 62 86 86 61 79 1.900000 1 0 1 0 1 0 1 1 0 0 1 6 4 4 3 7 0 3 6 5 3 4 5 7 5 6 10 0 6 8 5 2 7 3 6 0 2 7 8 3 0
100 jnwsgxdk hicme@example.com 1 1001 1002 1003 1004 1005 1006 1007 1008 1009 1010 83 92 97 71 91 71 68 64 88 62 78 1.800000 1 1 0 0 0 1 1 0 0 1 0 10 0 8 0 1 3 5 10 10 10 5 6 0 2 2 8 4 8 6 2 8 5 0 0 6 0 0 2 10 1
99 qdllpsyr ipbzx@example.com 3 1001 1002 1003 1004 1005 1006 1007 1008 1009 1010 88 60 64 76 87 99 74 69 87 81 78 1.800000 0 1 0 1 0 0 1 1 1 1 1 0 10 1 4 0 5 7 7 5 10 9 9 3 9 8 2 1 8 9 4 3 8 10 0 2 2 3 2 0 0
66 vkslahjd qknhr@example.com 3 1001 1002 1003 1004 1005 1006 1007 1008 1009 1010 91 65 65 88 68 70 92 93 61 90 78 1.800000 1 0 1 0 1 1 1 0 0 0 1 9 8 6 8 1 8 3 6 0 5 4 3 0 9 1 2 5 9 8 10 0 1 10 0 10 3 1 10 4 6
57 hkyeuljx ivguy@example.com 1 1001 1002 1003 1004 1005 1006 1007 1008 1009 1010 62 99 73 92 83 82 66 64 76 88 78 1.800000 1 1 1 0 1 1 1 1 1 1 0 6 10 5 5 5 6 3 10 3 2 10 6 10 9 5 9 8 10 2 1 4 9 9 10 7 1 3 1 4 1
50 tsvoaixn nksvr@example.com 4 1001 1002 1003 1004 1005 1006 1007 1008 1009 1010 73 67 79 77 90 99 74 72 77 73 78 1.800000 0 1 0 0 1 1 0 1 0 0 0 2 1 4 2 0 10 4 1 8 0 5 9 9 8 5 2 7 6 5 9 3 5 5 8 4 0 4 3 9 6
42 ktmhkchu hyqwb@example.com 2 1001 1002 1003 1004 1005 1006 1007 1008 1009 1010 62 88 96 61 68 71 94 80 71 89 78 1.800000 1 1 1 1 1 1 0 0 1 0 1 4 2 3 7 9 2 9 10 6 5 4 3 9 9 4 2 7 1 1 5 7 2 2 6 8 9 0 1 10 2
25 saokoqgl flvov@example.com 2 1001 1002 1003 1004 1005 1006 1007 1008 1009 1010 80 90 79 63 68 73 100 98 71 60 78 1.800000 1 1 1 1 0 1 1 0 0 1 0 5 8 5 6 3 10 2 8 10 4 3 4 8 6 10 7 8 6 8 9 2 3 8 4 9 4 7 10 5 9
22 lazvkeno yoiul@example.com 3 1001 1002 1003 1004 1005 1006 1007 1008 1009 1010 64 79 72 97 77 72 80 87 94 64 78 1.800000 0 0 0 1 1 1 1 1 1 1 0 3 5 8 10 4 2 0 10 2 8 7 10 9 2 0 2 0 0 8 4 2 2 6 4 7 4 0 6 0 2
18 jfbasamq ymddj@example.com 2 1001 1002 1003 1004 1005 1006 1007 1008 1009 1010 71 97 86 63 75 81 96 68 73 71 78 1.800000 1 1 0 0 0 0 0 1 0 1 0 3 8 1 3 7 5 5 0 7 5 9 2 4 4 1 7 0 1 0 0 9 0 4 5 9 0 4 3 8 2
65 xysnspnn foeqf@example.com 4 1001 1002 1003 1004 1005 1006 1007 1008 1009 1010 60 85 82 98 69 63 86 92 67 68 77 1.700000 0 1 1 1 1 1 1 1 1 1 1 5 4 0 6 2 1 1 3 8 10 8 8 5 9 1 0 4 1 9 5 4 2 2 9 1 5 9 5 4 5
48 frthhoaa fcjdr@example.com 1 1001 1002 1003 1004 1005 1006 1007 1008 1009 1010 83 91 61 75 81 93 60 71 72 88 77 1.700000 0 0 0 0 1 1 1 0 1 0 1 7 1 1 0 9 0 3 8 4 9 3 4 9 3 10 8 5 2 6 0 2 9 6 8 8 1 3 9 6 3
41 nenejtbc oorlb@example.com 4 1001 1002 1003 1004 1005 1006 1007 1008 1009 1010 93 73 64 83 62 84 65 99 71 85 77 1.700000 0 1 1 1 1 0 0 1 1 0 1 8 8 2 9 0 9 10 9 9 10 9 10 9 2 7 4 7 7 5 3 2 4 7 3 5 10 6 8 9 5
13 ameqzjdi yaawd@example.com 2 1001 1002 1003 1004 1005 1006 1007 1008 1009 1010 61 67 75 97 81 63 82 65 88 97 77 1.700000 1 1 0 1 1 1 1 0 1 0 0 0 0 4 4 10 3 8 1 0 9 10 8 10 10 3 0 2 1 1 4 5 10 1 2 3 8 10 1 8 0
92 gtgeivke qcibu@example.com 2 1001 1002 1003 1004 1005 1006 1007 1008 1009 1010 73 87 63 72 87 63 68 63 88 99 76 1.600000 0 1 0 1 1 1 1 0 1 1 0 5 0 8 2 7 6 8 7 8 3 9 8 8 5 10 10 3 4 0 10 4 0 8 8 1 5 6 1 10 1
82 etcmysbe dvoxv@example.com 1 1001 1002 1003 1004 1005 1006 1007 1008 1009 1010 68 62 71 76 62 100 96 60 84 83 76 1.600000 1 0 1 0 1 1 1 1 0 1 0 6 10 3 8 10 9 6 10 8 6 8 7 0 0 6 4 7 8 2 6 6 5 0 5 5 0 3 8 3 9
80 ddprtmzf xdwic@example.com 2 1001 1002 1003 1004 1005 1006 1007 1008 1009 1010 90 71 78 63 80 75 69 74 77 85 76 1.600000 1 1 1 0 1 0 0 0 1 0 0 0 5 0 9 3 4 8 2 10 2 9 7 4 10 1 0 7 3 0 2 8 3 6 7 1 7 1 7 4 1
77 wueubcrm jfabm@example.com 1 1001 1002 1003 1004 1005 1006 1007 1008 1009 1010 90 79 64 68 75 68 91 63 78 88 76 1.600000 1 1 0 0 0 0 1 0 1 0 1 9 6 6 2 8 8 9 6 0 5 2 8 3 4 3 1 10 7 0 3 5 2 9 5 2 3 10 2 3 4
62 dujzrony htvgg@example.com 4 1001 1002 1003 1004 1005 1006 1007 1008 1009 1010 60 81 85 73 69 84 92 62 71 88 76 1.600000 0 1 0 1 1 0 0 0 1 1 0 8 0 7 6 5 2 10 0 1 1 7 3 8 9 2 7 2 4 7 2 6 0 1 2 6 3 6 10 9 6
59 kyivsozv vqmne@example.com 1 1001 1002 1003 1004 1005 1006 1007 1008 1009 1010 66 80 84 80 63 63 90 70 70 98 76 1.600000 0 1 1 0 0 0 1 0 1 0 0 2 7 4 9 4 1 5 6 8 9 5 7 1 7 3 7 6 9 3 2 8 5 9 4 3 4 5 2 8 4
40 pwgacjgc temtn@example.com 3 1001 1002 1003 1004 1005 1006 1007 1008 1009 1010 60 85 66 87 61 76 82 87 83 78 76 1.600000 0 0 1 0 0 0 1 0 0 0 1 9 6 6 1 2 2 8 8 4 10 4 5 10 5 5 7 9 2 7 1 3 5 0 6 2 10 5 7 2 5
1 jmrsbafk hljav@example.com 1 1001 1002 1003 1004 1005 1006 1007 1008 1009 1010 72 67 74 73 84 70 61 96 80 86 76 1.600000 0 0 0 0 1 0 0 0 1 0 0 1 3 5 1 4 9 5 8 7 1 6 1 0 1 4 2 7 10 8 7 0 10 2 3 8 10 7 7 4 10
96 cgqurcdu mzalg@example.com 4 1001 1002 1003 1004 1005 1006 1007 1008 1009 1010 71 63 88 73 86 86 72 77 62 80 75 1.500000 0 1 1 0 0 0 0 1 0 0 1 5 1 3 3 6 7 5 6 2 3 9 8 6 2 1 0 6 9 8 10 1 9 4 6 5 0 2 2 1 7
87 yrlyqnqi cnyxc@example.com 1 1001 1002 1003 1004 1005 1006 1007 1008 1009 1010 88 91 65 76 89 84 70 64 62 68 75 1.500000 0 0 0 0 0 1 1 1 1 0 1 10 0 1 5 10 6 7 9 8 2 9 2 9 3 2 8 6 2 9 5 4 0 2 9 6 3 1 8 6 3
55 cvirbhfk dcwfn@example.com 2 1001 1002 1003 1004 1005 1006 1007 1008 1009 1010 92 80 65 61 80 84 76 70 76 71 75 1.500000 1 0 0 1 1 1 0 1 1 1 0 2 1 2 7 9 2 3 3 2 1 1 8 9 1 0 0 6 9 4 6 5 3 6 1 3 0 8 1 9 2
53 fufllhpx lwfzj@example.com 4 1001 1002 1003 1004 1005 1006 1007 1008 1009 1010 85 60 66 73 86 71 79 64 75 92 75 1.500000 1 0 0 0 0 0 0 0 0 1 0 5 6 6 3 5 0 3 2 7 4 2 6 10 3 1 0 2 7 5 7 8 10 2 9 5 1 2 9 7 5
49 dixkqalm zqifk@example.com 4 1001 1002 1003 1004 1005 1006 1007 1008 1009 1010 71 64 88 68 85 95 68 60 64 92 75 1.500000 1 0 1 1 0 1 1 1 1 1 0 4 6 3 8 0 10 8 8 10 2 5 9 0 1 1 9 7 4 10 7 1 1 3 10 6 4 7 2 0 1
31 yriokhzg oclve@example.com 3 1001 1002 1003 1004 1005 1006 1007 1008 1009 1010 74 99 72 81 63 70 84 63 72 73 75 1.500000 1 0 0 0 0 0 1 1 1 0 0 9 9 8 5 1 1 5 9 10 8 8 10 0 8 5 5 6 3 9 6 6 6 7 9 4 6 6 2 3 6
29 aiglyouo darya@example.com 3 1001 1002 1003 1004 1005 1006 1007 1008 1009 1010 75 92 81 81 74 74 70 60 73 72 75 1.500000 1 1 0 1 1 1 0 1 0 0 0 1 7 0 6 2 3 5 6 2 7 5 0 2 9 6 4 9 5 1 2 9 4 1 10 6 6 7 9 2 4
71 eedhpnkg gehrn@example.com 2 1001 1002 1003 1004 1005 1006 1007 1008 1009 1010 90 61 63 86 76 77 70 67 81 70 74 1.400000 0 0 1 1 0 0 0 1 0 1 0 9 4 9 5 4 10 1 9 5 0 5 1 4 4 0 7 0 10 6 3 2 2 10 7 6 1 9 9 0 10
60 pjgxkfnk kzzeh@example.com 3 1001 1002 1003 1004 1005 1006 1007 1008 1009 1010 85 75 62 63 82 66 90 62 65 92 74 1.400000 1 0 0 0 0 1 0 0 0 0 0 3 8 2 8 2 1 7 3 4 2 0 0 2 9 3 1 4 9 10 4 10 9 6 0 2 8 1 10 1 10
34 tgsxzqnc reatb@example.com 3 1001 1002 1003 1004 1005 1006 1007 1008 1009 1010 60 60 72 74 67 100 83 100 60 67 74 1.400000 1 1 1 1 0 0 1 0 1 1 0 9 0 4 8 0 9 2 5 2 7 7 10 10 10 5 9 4 10 7 3 7 7 3 8 2 7 1 4 2 8
2 zslxlodg zxdbt@example.com 3 1001 1002 1003 1004 1005 1006 1007 1008 1009 1010 80 68 93 77 74 60 69 69 64 84 73 1.300000 1 0 1 0 1 1 1 0 1 1 1 1 8 5 3 7 10 2 3 9 2 0 6 7 0 7 7 6 0 1 0 10 4 7 4 2 5 0 8 10 9
17 yehoubqo smafk@example.com 3 1001 1002 1003 1004 1005 1006 1007 1008 1009 1010 66 68 63 87 64 68 68 76 91 74 72 1.200000 1 0 0 1 0 0 1 0 0 0 0 8 9 8 3 2 6 4 6 10 3 5 9 3 0 0 9 5 5 6 4 7 2 5 2 9 1 9 1 5 3
68 bdyskpwn atsrv@example.com 4 1001 1002 1003 1004 1005 1006 1007 1008 1009 1010 79 71 70 68 73 71 63 75 85 62 71 1.100000 0 1 0 1 0 0 0 1 0 1 0 9 1 6 10 10 0 2 8 6 7 8 10 0 0 4 8 5 0 7 1 4 10 3 6 3 2 9 6 0 3
64 xzfbuawx cxaaq@example.com 2 1001 1002 1003 1004 1005 1006 1007 1008 1009 1010 74 62 67 88 72 67 64 80 60 75 70 1.000000 1 1 0 0 1 1 0 1 1 0 0 7 9 5 1 4 2 8 0 3 3 1 10 1 7 4 0 7 8 3 2 0 5 9 10 0 8 0 1 0 4
