100
445 54 11 2014-04-01
947 13 23 2015-10-23
423 97 28 2008-09-09
120 82 23 2005-03-18
140 89 42 2012-09-23
821 75 1 2021-06-24
66 54 4 2013-12-11
976 30 3 2021-08-08
299 68 23 2014-06-04
829 94 22 2022-02-18
235 44 39 2011-09-24
18 36 27 2011-05-27
40 59 5 2019-06-14
494 20 15 2001-03-13
325 47 37 2012-01-16
506 5 3 2021-03-28
29 46 3 2012-01-20
270 23 33 2005-06-19
910 50 30 2001-02-22
334 23 35 2016-07-22
340 59 9 2014-05-26
340 78 10 2009-06-07
914 41 22 2007-06-06
46 99 3 2000-01-24
19 15 2 2004-05-20
359 24 14 2016-10-11
992 52 30 2012-11-19
195 74 15 2008-02-04
549 67 42 2008-03-04
810 85 40 2005-04-09
735 40 39 2014-05-20
329 72 22 2023-08-04
834 81 35 2019-12-15
176 39 23 2019-01-21
346 30 15 2000-03-07
352 58 21 2013-10-14
426 94 17 2015-02-23
16 29 24 2022-11-08
290 87 22 2019-11-10
155 91 39 2009-04-03
760 93 38 2023-03-18
879 78 29 2007-06-08
67 61 42 2023-08-04
171 62 13 2007-01-22
344 65 16 2022-12-01
474 70 14 2006-04-13
912 35 1 2013-11-02
1000 26 39 2019-02-11
788 99 22 2006-04-27
932 40 44 2001-12-14
9 27 38 2012-06-28
143 79 15 2005-01-03
121 98 7 2018-06-27
493 55 18 2017-10-23
948 38 44 2016-12-19
491 10 30 2006-07-09
309 16 1 2001-05-28
553 29 40 2017-04-12
595 99 22 2014-12-17
861 83 27 2012-07-13
610 97 8 2017-06-17
588 4 34 2014-12-08
493 66 5 2010-09-23
531 96 12 2022-07-04
8 60 9 2014-06-08
86 50 24 2010-06-01
624 96 3 2011-11-23
636 75 16 2010-02-24
959 18 12 2002-05-08
895 48 7 2008-08-22
616 98 22 2020-12-23
661 16 34 2013-02-16
399 90 35 2015-10-04
365 90 24 2003-08-22
517 75 14 2018-09-01
436 15 17 2005-08-07
358 1 50 2004-05-15
964 27 22 2019-04-05
712 91 13 2019-01-09
368 27 19 2022-05-14
685 82 34 2020-08-19
310 57 18 2015-03-25
183 41 48 2022-03-16
525 66 36 2020-12-26
725 70 33 2022-03-18
545 85 43 2023-01-05
91 71 44 2002-04-08
324 61 26 2021-12-25
145 33 9 2013-10-02
374 100 31 2009-09-08
238 72 8 2015-11-20
893 5 6 2021-10-07
860 31 8 2008-12-10
960 53 48 2010-11-12
535 82 23 2014-08-07
243 1 4 2010-11-11
179 49 19 2000-10-16
527 49 3 2005-08-21
157 82 14 2004-02-02
371 81 20 2014-11-15
